1 0:1:47532341 981785 23449
2 0:1:3235952 924705 24401
3 0:1:43334090 549512 35168
4 0:0:33449034 513009 20399
5 0:0:35779120 470006 7013
6 0:1:425987741 469451 17674
7 0:1:18026611 389353 26322
8 0:0:26246700 363114 34437
9 0:1:17786291 363095 26149
10 0:1:12076529 337358 2401
11 0:0:170774711 326670 15191
12 0:0:70847294 299227 24420
13 0:0:43699512 288678 31624
14 0:1:20817064 279102 23061
15 0:1:12046066 268231 15674
16 0:1:169747423 251488 22812
17 0:0:51224017 241262 11309
18 0:0:419757627 233848 10167
19 0:0:182776027 226531 27383
20 0:1:6916651 218299 18058
21 0:0:143938659 211964 5444
22 0:0:115229469 208437 8305
23 0:1:25693170 204525 15868
24 0:1:3068224 200246 6679
25 0:1:34007 192473 11584
26 0:0:11143070 191693 6186
27 0:0:17568747 190145 12604
28 0:1:10685910 185888 8740
29 0:0:63653667 185682 12257
30 0:1:36724014 182643 25084
31 0:0:8278479 172674 7849
32 0:1:51350523 172446 15041
33 0:1:133048 162230 8940
34 0:1:6703407 160779 5728
35 0:0:157415975 158818 7179
36 0:0:29090918 153294 30051
37 0:1:3722171 147735 12429
38 0:0:37595578 146228 8774
39 0:0:41078588 142220 11731
40 0:0:155515514 142091 22535
41 0:0:24012704 138614 22775
42 0:0:1109966 138048 13874
43 0:0:672628 134027 7534
44 0:1:18841406 133730 14079
45 0:0:441405805 132061 5578
46 0:1:122871050 120044 8009
47 0:0:174020106 118148 12609
48 0:0:18899326 115900 29853
49 0:1:90549715 114630 6231
50 0:0:196020620 112450 12634
51 0:1:5540353 108708 8251
52 0:0:41324558 107553 7928
53 0:0:46917536 105188 9256
54 0:0:181759664 104344 16036
55 0:0:20352575 103299 12356
56 0:0:215239281 103076 5119
57 0:1:5163013 102501 4786
58 0:0:1289338 101005 4097
59 0:0:33062114 99222 8832
60 0:0:14358884 97074 5854
61 0:1:521746 96035 2590
62 0:1:29748084 95552 19527
63 0:0:141792924 91882 6881
64 0:1:104190340 91206 7710
65 0:1:49850155 90210 3928
66 0:0:157526586 89646 4367
67 0:1:34239824 89044 3570
68 0:0:67552443 87916 7563
69 0:0:104760057 86116 10916
70 0:0:29536309 85473 6150
71 0:0:61827811 84616 3823
72 0:1:57348671 83586 7146
73 0:0:118264163 82894 11891
74 0:0:46716322 82151 4094
75 0:0:68477956 81728 12560
76 0:0:94562407 81017 8555
77 0:1:17079131 80596 6888
78 0:1:96297470 80379 6309
79 0:1:37501454 80114 6315
80 0:0:4309452 79782 2892
81 0:1:87547711 79584 9325
82 0:0:64415295 78488 3447
83 0:0:170219497 77638 6791
84 0:1:53800445 76923 7933
85 0:1:1624255 76685 7158
86 0:1:40627 76452 8195
87 0:1:22525329 75325 7576
88 0:1:41285867 74534 5853
89 0:0:26260324 74227 4292
90 0:1:182989018 74013 12409
91 0:1:164078112 74002 3878
92 0:0:93297649 73893 3442
93 0:1:162889031 73129 6821
94 0:1:31253272 72531 6748
95 0:0:847691 72382 12586
96 0:1:95111235 72078 8220
97 0:0:194451346 71050 3339
98 0:1:24647110 70951 8657
99 0:1:42499237 69911 5877
100 0:1:47213363 68061 2466
101 0:1:43796990 67883 12842
102 0:1:2864292 67413 6264
103 0:1:226599991 67068 2870
104 0:1:8979391 66976 3791
105 0:0:33445331 66831 8385
106 0:0:13515498 66056 3537
107 0:0:210555837 65656 4157
108 0:1:72615282 65324 5945
109 0:0:189320166 64787 7683
110 0:0:32676345 64784 9532
111 0:1:46382533 61589 7767
112 0:1:49004928 60938 6797
113 0:0:7199062 60773 3559
114 0:1:8943017 60007 11308
115 0:0:18312709 59270 4173
116 0:1:53298267 59023 5882
117 0:0:16086071 58667 4185
118 0:0:32450916 57983 8957
119 0:1:80026787 57844 5174
120 0:0:59707980 57778 3640
121 0:0:132276 57413 3481
122 0:0:31093 56810 1429
123 0:1:101383881 56697 4890
124 0:1:17808089 56673 3328
125 0:1:35831394 56385 9609
126 0:0:222653220 55744 5518
127 0:0:93788358 55717 7977
128 0:1:88606571 54772 4489
129 0:1:160273918 53154 2536
130 0:0:36675826 51426 3538
131 0:1:120082053 50656 3829
132 0:1:58119612 50539 5758
133 0:1:9906291 50379 3551
134 0:0:119409131 48859 4240
135 0:1:203785862 48264 8072
136 0:0:63568165 47973 2664
137 0:1:80217267 47333 2678
138 0:1:62432559 47231 8312
139 0:0:106718041 46970 2216
140 0:0:55262904 46498 6185
141 0:0:10369849 46169 6462
142 0:0:743798 46103 11136
143 0:1:16094349 45772 4625
144 0:1:40781024 44756 2518
145 0:0:13174233 44547 7341
146 0:1:912906 44444 5747
147 0:0:17490526 44339 2734
148 0:0:91654325 44246 2953
149 0:1:105966822 43804 5840
150 0:1:70111638 43268 1371
151 0:0:51831434 42606 3436
152 0:0:93508403 41242 3012
153 0:1:440420407 39876 1429
154 0:1:59357614 39680 4286
155 0:1:15790670 39556 2963
156 0:0:52993108 39555 3902
157 0:1:218638512 39133 3834
158 0:0:22447841 38945 3343
159 0:1:182842497 38835 4236
160 0:0:40221263 38554 2782
161 0:1:11992117 38421 2549
162 0:0:81219091 38051 2193
163 0:0:50456240 37869 4489
164 0:1:18727097 37803 2779
165 0:1:5066562 37652 1522
166 0:0:6082452 37536 916
167 0:1:33105840 37234 1994
168 0:1:116078615 36675 2838
169 0:0:231768311 36314 5044
170 0:1:56455161 36136 3916
171 0:0:94791091 36063 5352
172 0:1:192035335 36056 1540
173 0:1:8123394 36001 2443
174 0:1:20151976 35864 11009
175 0:0:79622971 35646 4558
176 0:0:19795964 35542 1768
177 0:0:14872656 35128 2301
178 0:1:41934137 33851 708
179 0:1:49461870 33678 5963
180 0:0:154394929 33574 2552
181 0:0:98146179 33246 27180
182 0:1:46689552 33220 3351
183 0:0:65173364 32613 4572
184 0:1:6230417 32355 2844
185 0:0:73837665 32323 2102
186 0:0:50736458 32012 4313
187 0:0:268848296 31845 1389
188 0:1:14778066 31346 623
189 0:1:14042542 31092 5511
190 0:0:1863353 31047 2836
191 0:1:75435 31000 1400
192 0:1:9009822 30900 2690
193 0:0:65811315 30762 1998
194 0:1:43292586 30710 1402
195 0:0:119520589 30550 2533
196 0:0:41346935 30530 2128
197 0:1:19910213 30464 1199
198 0:0:55744165 30391 3619
199 0:1:178805657 30341 3654
200 0:0:28925417 29979 943
201 0:0:32003766 29872 3037
202 0:0:39908599 29406 6885
203 0:0:500545135 29269 851
204 0:0:5448804 28809 4513
205 0:1:94101718 28733 2984
206 0:1:124318086 28613 1674
207 0:1:32688575 28220 1247
208 0:0:25605389 28083 2222
209 0:0:118119600 27935 2946
210 0:1:91291062 27746 861
211 0:0:83400819 27708 1488
212 0:1:122600291 27225 1961
213 0:1:40492563 26802 2872
214 0:1:159121436 26614 3638
215 0:0:37208288 26604 3185
216 0:0:80637848 26552 2127
217 0:1:35232041 26507 2939
218 0:1:176950353 26491 3621
219 0:1:55761902 26369 2477
220 0:0:33155716 26178 1824
221 0:1:91267271 26146 2638
222 0:0:53578473 26119 2319
223 0:0:27402248 26114 1694
224 0:0:197646041 25881 2496
225 0:1:173821056 25805 2605
226 0:1:8120866 25728 2178
227 0:0:33630726 25666 2495
228 0:1:159636466 25657 2947
229 0:0:149542935 25441 1646
230 0:0:12890730 25342 2439
231 0:1:127557936 25190 1491
232 0:0:23786930 25098 2857
233 0:0:16294996 25050 4317
234 0:1:19001848 24759 1056
235 0:1:65822397 24714 4740
236 0:1:175761558 24694 959
237 0:0:41876596 24686 6538
238 0:0:83258903 24673 1931
239 0:1:36505099 24431 2472
240 0:1:54808743 24391 1136
241 0:1:63049400 24168 1817
242 0:0:1606664 24145 3114
243 0:0:523807 24121 1594
244 0:0:54551318 23852 5449
245 0:1:3935832 23809 6011
246 0:1:17092624 23677 4505
247 0:1:30208482 23669 2035
248 0:0:5276780 23664 2120
249 0:0:1651318 23575 790
250 0:0:135579786 23508 1563
251 0:1:54423759 23399 1151
252 0:0:13996504 23386 2278
253 0:0:84724099 23356 1394
254 0:1:5000477 22904 3340
255 0:0:86487246 22783 2036
256 0:1:54205759 22726 1017
257 0:0:148445912 22715 1563
258 0:1:95262809 22501 4529
259 0:1:250744 22356 1895
260 0:0:57166926 22250 2727
261 0:0:139715679 22117 2258
262 0:0:16859189 22047 967
263 0:0:205047246 22027 2909
264 0:1:19220205 21662 2304
265 0:0:142443915 21613 2038
266 0:0:18555223 21588 2356
267 0:1:48853796 21473 1260
268 0:0:55852875 21458 4307
269 0:0:31106658 21448 3531
270 0:0:41568203 21294 1410
271 0:0:144704821 21217 1451
272 0:1:373309 20989 746
273 0:0:52199255 20912 1511
274 0:1:187645929 20862 1502
275 0:1:93235082 20799 2370
276 0:1:459388544 20751 1546
277 0:0:80029886 20683 787
278 0:0:423260241 20678 2422
279 0:1:31650528 20627 2853
280 0:0:16847472 20462 1490
281 0:1:1377525 20151 1973
282 0:1:18911418 20121 1082
283 0:1:58193911 20042 1839
284 0:0:211383547 20005 1376
285 0:0:740577 19990 1151
286 0:0:21427261 19962 1066
287 0:0:81101250 19931 1912
288 0:0:169767433 19908 1658
289 0:0:34073998 19783 2203
290 0:0:201623024 19745 1375
291 0:0:146076422 19734 1824
292 0:1:2451152 19705 1272
293 0:1:65971905 19678 1721
294 0:1:431742 19528 1153
295 0:0:50062701 19456 1029
296 0:1:26033545 19432 2057
297 0:0:155530388 19093 1470
298 0:0:45103766 19044 1303
299 0:1:108120864 18860 1178
300 0:0:31607075 18847 919
301 0:1:151380605 18827 1764
302 0:1:127527328 18686 1061
303 0:1:55907908 18675 2874
304 0:0:102418477 18420 748
305 0:0:202684252 18412 1690
306 0:0:18994641 18360 1105
307 0:1:228185689 18341 1567
308 0:1:8336444 18280 1539
309 0:0:25755058 18269 1758
310 0:1:16950475 18185 1183
311 0:1:44135588 18169 921
312 0:0:130766366 17989 2335
313 0:0:121315135 17983 5100
314 0:1:203406996 17976 1770
315 0:0:5981639 17945 1564
316 0:1:79574555 17871 1119
317 0:0:25623992 17819 819
318 0:1:11204627 17798 1749
319 0:0:82218572 17731 1224
320 0:1:150877817 17658 1527
321 0:0:151207252 17630 1570
322 0:1:97588742 17615 1165
323 0:1:92813697 17590 3574
324 0:1:6166186 17581 1024
325 0:0:434296 17536 2973
326 0:1:36465620 17489 1352
327 0:0:157285869 17474 1852
328 0:1:122443769 17420 1295
329 0:1:61134155 17401 1271
330 0:1:115237115 17292 2109
331 0:0:715607 17255 391
332 0:0:188475715 17213 1775
333 0:1:156731390 17160 1407
334 0:1:8458717 17132 1170
335 0:1:65336973 17120 1190
336 0:0:26744994 17079 728
337 0:0:62018 17032 995
338 0:0:142883401 17029 1780
339 0:1:176503177 17011 882
340 0:1:1675473 16888 2518
341 0:1:88024763 16703 1649
342 0:1:7722414 16593 2404
343 0:0:194564118 16579 3487
344 0:0:25720362 16562 2031
345 0:0:1748741 16454 753
346 0:0:20853690 16375 1909
347 0:0:193047790 16349 2737
348 0:1:2531818 16160 1182
349 0:1:15622750 16065 1054
350 0:0:22430054 16048 2900
351 0:0:95962522 15974 1713
352 0:0:51491515 15954 1045
353 0:0:225205340 15766 2408
354 0:1:96561187 15568 1128
355 0:0:33389980 15299 1483
356 0:0:102267627 15198 1680
357 0:0:36006487 15043 1877
358 0:0:149501990 14935 1876
359 0:0:195315704 14914 1324
360 0:1:31598827 14911 1240
361 0:0:98562826 14888 875
362 0:0:67018830 14869 1147
363 0:1:65492287 14852 4172
364 0:1:20296856 14850 1109
365 0:0:6844566 14794 2825
366 0:0:75600670 14775 1233
367 0:1:39761986 14741 1308
368 0:1:11058840 14708 638
369 0:1:16474911 14659 2097
370 0:1:62646355 14634 656
371 0:0:146441700 14574 5401
372 0:1:53399184 14513 1586
373 0:1:18758319 14491 1115
374 0:1:194936493 14364 1373
375 0:0:83653297 14343 802
376 0:0:54031482 14296 1113
377 0:1:677873 14269 1090
378 0:0:20460716 14182 1592
379 0:1:159533690 14169 1414
380 0:1:39903048 14138 1159
381 0:1:173123807 14124 1032
382 0:1:36217101 14091 1114
383 0:1:62459599 14087 1307
384 0:0:55858780 14075 1387
385 0:0:59525340 14003 3299
386 0:1:17647962 14002 561
387 0:0:211228705 13989 1396
388 0:1:56376093 13907 2576
389 0:0:139719174 13892 1745
390 0:0:438749 13860 1464
391 0:0:143123594 13850 2710
392 0:0:184687296 13809 1560
393 0:0:44094018 13807 526
394 0:1:42340693 13784 1248
395 0:0:19984930 13758 1090
396 0:0:5270238 13737 1480
397 0:0:160596255 13680 710
398 0:1:66105292 13401 1585
399 0:1:63233 13349 847
400 0:1:182688398 13324 1546
401 0:1:225032105 13318 788
402 0:1:41782411 13292 1400
403 0:1:149001770 13254 2164
404 0:0:18129822 13216 784
405 0:0:12509998 13197 1538
406 0:0:10777837 13144 1543
407 0:1:49900581 13134 3531
408 0:0:19368954 13099 1356
409 0:0:209330755 13097 945
410 0:1:63540260 13023 2261
411 0:1:7924376 13004 1544
412 0:0:151045039 12989 898
413 0:0:45871909 12945 2279
414 0:0:3697206 12940 945
415 0:0:39787341 12870 1371
416 0:1:189066763 12866 967
417 0:1:41890684 12705 1604
418 0:0:42244259 12672 1105
419 0:1:105355861 12669 1717
420 0:1:178570513 12647 739
421 0:0:84671075 12487 1461
422 0:1:94724244 12407 1152
423 0:0:171694117 12404 927
424 0:0:94605939 12367 426
425 0:1:221429857 12306 1116
426 0:0:46101999 12272 297
427 0:1:72749110 12256 1715
428 0:1:16984894 12181 1082
429 0:1:22141742 12180 414
430 0:0:111664443 12177 462
431 0:1:2548756 12146 955
432 0:0:117967183 12108 1063
433 0:1:25284290 12085 1377
434 0:1:17269164 12040 1124
435 0:0:50059264 12024 693
436 0:1:67348112 12023 1889
437 0:1:84987585 11881 943
438 0:0:92809779 11812 1804
439 0:0:455268789 11798 673
440 0:1:29191386 11737 936
441 0:0:53505504 11684 1421
442 0:1:2463854 11646 1302
443 0:0:9857607 11580 763
444 0:0:2773221 11484 932
445 0:0:19161352 11484 332
446 0:1:29395895 11464 465
447 0:0:156569829 11459 1426
448 0:1:1407354 11449 1529
449 0:1:3654536 11375 564
450 0:0:192956735 11342 1377
451 0:1:37381071 11342 351
452 0:1:36382230 11290 1263
453 0:1:87734323 11287 880
454 0:0:39570410 11266 146
455 0:1:40340376 11262 437
456 0:1:3904138 11217 1004
457 0:0:37878315 11201 1491
458 0:1:94428282 11195 1321
459 0:1:1906915 11189 1286
460 0:1:9349354 11147 785
461 0:1:83038718 11072 1708
462 0:1:70539754 11021 4867
463 0:0:157495616 11018 1189
464 0:1:195757017 11017 1040
465 0:0:64706321 10988 1334
466 0:1:49453 10920 691
467 0:0:46314077 10897 935
468 0:1:12961481 10863 869
469 0:1:21525785 10818 516
470 0:0:33258502 10796 1512
471 0:0:126644370 10738 923
472 0:0:161596598 10724 2816
473 0:0:41495568 10706 413
474 0:1:439278102 10702 1520
475 0:0:201289657 10693 1555
476 0:0:57282779 10635 353
477 0:0:1264766 10631 498
478 0:1:77025437 10570 946
479 0:1:122480357 10559 2903
480 0:1:18931201 10542 1018
481 0:0:105478159 10529 697
482 0:1:18472330 10520 919
483 0:1:13428067 10475 442
484 0:1:29008245 10473 474
485 0:1:35747282 10473 1306
486 0:1:4718860 10382 356
487 0:1:27552429 10354 643
488 0:1:42982979 10342 559
489 0:1:3799313 10337 374
490 0:1:34258208 10333 728
491 0:0:7630327 10216 415
492 0:1:14146494 10216 212
493 0:0:890297 10184 618
494 0:1:156867808 10117 1828
495 0:1:46065840 10046 476
496 0:0:215060162 10040 828
497 0:0:60045073 9959 1033
498 0:1:86256141 9948 1155
499 0:0:179211857 9899 2362
500 0:1:114361118 9886 589
501 0:1:62223966 9842 854
502 0:1:2803350 9778 2001
503 0:1:32560095 9770 616
504 0:1:21156333 9762 980
505 0:0:139465088 9725 1981
506 0:0:185760302 9718 1174
507 0:0:213760076 9699 1366
508 0:0:192003582 9648 1617
509 0:1:109091356 9637 977
510 0:1:103592260 9579 941
511 0:1:78395064 9572 764
512 0:1:5832330 9567 410
513 0:0:177149396 9496 766
514 0:0:65624063 9495 878
515 0:1:188346317 9349 1339
516 0:1:147213880 9348 783
517 0:0:57830458 9308 501
518 0:1:11875643 9300 641
519 0:0:89704321 9274 963
520 0:1:91032486 9259 719
521 0:1:19289154 9249 745
522 0:1:85710209 9237 1962
523 0:1:7105098 9140 534
524 0:0:53699815 9103 811
525 0:1:36215678 9076 847
526 0:1:67972142 9072 640
527 0:0:155845196 9065 888
528 0:0:7260327 9058 1068
529 0:0:31537416 9058 1063
530 0:0:53751787 9011 649
531 0:1:86980051 8963 1343
532 0:0:21712938 8955 593
533 0:0:26911619 8910 604
534 0:0:31210082 8879 499
535 0:0:116466251 8875 919
536 0:0:3644267 8870 150
537 0:1:91856339 8847 681
538 0:1:96786955 8835 763
539 0:0:85872505 8833 1101
540 0:1:169498418 8833 2326
541 0:0:25339712 8830 637
542 0:1:19116635 8804 954
543 0:0:224957983 8800 520
544 0:1:42292013 8800 184
545 0:0:37857667 8795 450
546 0:0:72407225 8779 589
547 0:1:51237104 8767 795
548 0:1:198917234 8761 1528
549 0:0:138189907 8750 142
550 0:0:101200674 8744 1131
551 0:1:21106688 8691 614
552 0:0:2251985 8683 643
553 0:1:11986780 8679 1734
554 0:0:101269927 8666 313
555 0:0:15951081 8645 904
556 0:1:71334222 8640 636
557 0:0:55388859 8609 483
558 0:1:4440495 8607 754
559 0:0:30168866 8597 647
560 0:1:61031547 8566 1007
561 0:1:42675588 8548 653
562 0:1:109551262 8544 1481
563 0:1:49884535 8520 785
564 0:0:85785081 8519 777
565 0:1:62409655 8489 1782
566 0:1:3103870 8466 2468
567 0:0:145284399 8449 1484
568 0:0:213157423 8411 275
569 0:0:49691936 8356 300
570 0:1:122485507 8332 1349
571 0:1:149126032 8292 621
572 0:1:61671990 8290 942
573 0:0:184022088 8233 884
574 0:1:394811 8201 627
575 0:1:161944168 8163 852
576 0:1:20292602 8146 674
577 0:1:62831684 8143 1418
578 0:0:86902230 8102 578
579 0:1:51942543 8100 668
580 0:0:82749664 8094 817
581 0:0:224071239 8071 447
582 0:1:176581516 8058 537
583 0:1:71815380 8007 778
584 0:1:32135145 8004 413
585 0:0:28590632 7974 1141
586 0:0:60048323 7965 370
587 0:1:121394677 7953 934
588 0:1:3521102 7947 649
589 0:0:425229280 7910 894
590 0:1:5910169 7906 490
591 0:1:167284392 7890 756
592 0:1:19105509 7862 692
593 0:0:152037724 7855 841
594 0:0:67274386 7851 1189
595 0:0:45273665 7839 646
596 0:1:122601537 7819 971
597 0:1:55837687 7815 515
598 0:1:65783138 7797 960
599 0:1:63060066 7785 2169
600 0:0:55348949 7776 1463
601 0:0:169049309 7773 1618
602 0:1:81168461 7772 373
603 0:0:95596379 7729 516
604 0:1:95050761 7694 873
605 0:1:95464770 7676 1165
606 0:1:5631999 7667 500
607 0:1:159976018 7666 202
608 0:0:225138533 7651 640
609 0:1:20784827 7650 415
610 0:0:38929287 7649 716
611 0:1:21074234 7615 614
612 0:1:73010808 7613 423
613 0:0:179665229 7602 1460
614 0:1:17013332 7513 453
615 0:1:215281494 7483 1025
616 0:1:93354038 7472 757
617 0:1:48833273 7466 626
618 0:0:45047462 7443 834
619 0:1:166316062 7422 603
620 0:0:3467484 7396 616
621 0:0:53432454 7387 806
622 0:0:3493643 7332 942
623 0:0:10214863 7329 677
624 0:1:8133240 7322 728
625 0:1:39675642 7275 449
626 0:1:106350059 7249 944
627 0:0:207045689 7248 1411
628 0:0:43756451 7245 547
629 0:1:59036894 7245 525
630 0:0:53169449 7224 509
631 0:0:1194887 7210 1033
632 0:0:87493287 7209 549
633 0:0:129454162 7204 746
634 0:0:139429737 7198 827
635 0:0:211351913 7184 843
636 0:0:20668988 7159 528
637 0:1:33540417 7088 301
638 0:1:78372757 7079 515
639 0:0:25050367 7079 850
640 0:0:101605691 7078 352
641 0:1:29737938 7069 398
642 0:0:18159592 7059 823
643 0:0:170191240 7050 389
644 0:0:77731187 7049 676
645 0:1:216585160 7014 355
646 0:1:233695316 6995 537
647 0:0:257164 6988 483
648 0:0:22785313 6978 540
649 0:1:186357921 6973 723
650 0:0:38156709 6928 487
651 0:1:103296221 6918 687
652 0:0:159790112 6916 905
653 0:0:31261500 6897 505
654 0:1:95958205 6884 784
655 0:0:22568925 6878 443
656 0:1:42433846 6861 1244
657 0:1:159236850 6853 172
658 0:0:194286013 6848 1895
659 0:1:177980459 6845 826
660 0:1:121141024 6841 1292
661 0:1:59632445 6838 914
662 0:0:57077883 6830 805
663 0:1:165326274 6824 1052
664 0:1:124122 6813 434
665 0:0:5933929 6789 926
666 0:0:48258755 6724 464
667 0:1:154479767 6709 426
668 0:0:123273308 6699 578
669 0:0:176529116 6698 800
670 0:0:19727249 6693 549
671 0:1:110693996 6680 255
672 0:1:80755518 6680 850
673 0:0:7461032 6677 1204
674 0:1:26423993 6660 475
675 0:1:121155236 6654 480
676 0:1:34603901 6650 646
677 0:1:68987055 6629 1229
678 0:0:42486284 6617 693
679 0:1:43087079 6593 677
680 0:0:102102946 6584 926
681 0:0:180788855 6575 1003
682 0:0:33804465 6575 416
683 0:1:95251086 6541 654
684 0:0:52732292 6535 215
685 0:0:67318399 6530 1781
686 0:1:338750 6511 325
687 0:0:205599328 6507 1205
688 0:1:3148181 6503 714
689 0:1:180489011 6456 329
690 0:0:45461136 6433 318
691 0:1:115710920 6406 551
692 0:1:177246984 6376 1087
693 0:0:56987151 6361 57
694 0:0:41775331 6353 336
695 0:0:104305575 6350 5868
696 0:1:121252136 6347 386
697 0:1:121698329 6314 582
698 0:1:165009582 6298 844
699 0:1:118079617 6279 421
700 0:1:173089332 6274 258
701 0:1:1636573 6272 228
702 0:0:42484714 6262 349
703 0:1:209649134 6261 444
704 0:0:208786154 6253 848
705 0:1:71861438 6195 366
706 0:0:107437609 6180 311
707 0:0:154264034 6150 676
708 0:0:185004316 6141 1174
709 0:0:22597050 6139 862
710 0:0:97732463 6129 404
711 0:0:2051068 6112 746
712 0:1:1004528 6105 293
713 0:1:42963393 6088 848
714 0:0:41612058 6055 480
715 0:1:17944719 6045 654
716 0:1:16808706 6030 1015
717 0:1:80695378 6025 357
718 0:0:4137016 6019 484
719 0:0:77673769 5991 347
720 0:0:179686908 5987 1028
721 0:0:144294077 5985 1454
722 0:1:148164825 5982 1449
723 0:1:75540070 5957 759
724 0:0:51482786 5955 307
725 0:1:156737775 5948 333
726 0:0:19883755 5947 350
727 0:0:4525682 5931 321
728 0:0:38502470 5928 888
729 0:1:93696111 5926 772
730 0:0:51701160 5923 619
731 0:1:71360773 5913 708
732 0:0:50083859 5907 481
733 0:0:151077008 5900 239
734 0:1:8224428 5898 388
735 0:0:100760595 5897 385
736 0:0:150390172 5887 524
737 0:0:180031315 5885 668
738 0:0:27325157 5859 708
739 0:0:20082124 5855 643
740 0:0:20057261 5821 400
741 0:0:238168139 5808 860
742 0:1:127598624 5802 334
743 0:0:82025072 5772 1065
744 0:0:176446319 5748 903
745 0:0:138673875 5733 509
746 0:1:106458358 5699 231
747 0:0:52518590 5670 598
748 0:0:176045296 5645 401
749 0:1:226997497 5638 684
750 0:0:459758475 5628 521
751 0:0:187746188 5614 644
752 0:1:70824249 5587 447
753 0:0:63931187 5585 272
754 0:0:13279863 5585 393
755 0:1:33184585 5582 542
756 0:0:5308899 5580 275
757 0:1:68760724 5565 296
758 0:1:188628830 5561 100
759 0:0:19645257 5556 96
760 0:1:73893950 5549 1955
761 0:0:15666654 5545 552
762 0:1:5149505 5542 307
763 0:0:178285133 5538 942
764 0:1:50080340 5507 321
765 0:0:175217809 5497 1469
766 0:1:9592786 5496 25
767 0:0:130965868 5485 538
768 0:0:68574477 5481 160
769 0:0:58086276 5478 567
770 0:0:181362467 5463 571
771 0:0:79140924 5462 362
772 0:0:171926912 5458 876
773 0:0:36175992 5438 886
774 0:1:167179771 5424 320
775 0:0:89938729 5416 435
776 0:0:6214399 5413 498
777 0:0:17166582 5411 283
778 0:1:198440470 5407 670
779 0:0:6403099 5402 977
780 0:0:5054082 5398 196
781 0:0:98864608 5393 467
782 0:0:289184 5387 242
783 0:1:83595524 5382 2153
784 0:0:1839910 5368 552
785 0:0:40890986 5359 1960
786 0:1:35919142 5343 606
787 0:1:215206485 5334 645
788 0:0:76328112 5332 792
789 0:0:44494725 5325 169
790 0:0:2789721 5319 412
791 0:1:52489669 5318 172
792 0:0:53949517 5302 971
793 0:0:7115310 5295 843
794 0:0:90213801 5294 319
795 0:0:3720247 5291 1190
796 0:0:141380567 5288 500
797 0:0:57233540 5287 497
798 0:1:8884934 5276 1199
799 0:0:458068272 5273 694
800 0:1:199393804 5246 442
801 0:1:494249 5245 75
802 0:1:219824230 5226 764
803 0:0:26546366 5220 403
804 0:1:25592109 5184 373
805 0:1:81242937 5165 325
806 0:0:87717562 5155 408
807 0:1:128053738 5152 738
808 0:1:158014082 5149 241
809 0:0:27571455 5145 249
810 0:1:65493483 5138 358
811 0:1:86404440 5087 332
812 0:0:1096174 5082 286
813 0:0:63223125 5025 283
814 0:0:160470223 5024 1143
815 0:0:43000565 5022 177
816 0:1:46865779 5019 298
